582 Index

Rom. 3, 20 . . .cf. 78, 2, 246, 2213010. 9, 32 . , , , , ,0137314
3, 23 ........ 21, 9 10, 3 ........ *188, 8
3, 24 , , . , . . ,01, 187, 9 10, 4 . , ,291, 21. 01, 187,17,
3, 31 . , , . , . ,01.117,18 219, 23
4,]4,.,.,..01.377,16 10,6 ........ 49,3
4,17 ......... *380, 8 10, 7 ........ *49, 7
5,12 ........ 173, 9 10, 8 . . . . 61, 26. *247, 13
5.,14 , , , 01.137,1,194, 14 10, 10 . . . , 176, 24. 383, 10
5, 20 ,01.231,4,*246,18.348,6 11, 3 ........ 20318
6, 4 , . ,01. 244,11. 24112. 11, 11 , , . . . . . , 255, 2

298, 8, 492, 6 11, 16 sq.. , . . . ,01. 436, 3
,....,.01,300,2 11,1700.,,...,01.471.23

. . , , , ,01, 492, 6 11, 25 ........ *255, 4

, ,,,,,,..297,22 11,2500..,,.,,01,353,5
. , . *127,1.333,15. 11, 28, . , . , , ,01.453, 16

01, 508, 24 11. 30 sq.. . ..01 494,14

7. 6 ........ 369, 22 11, 33 . , ,01. 175 13. 407, 17
7.7.....,,01,246,22 11,34..., ,233,3,24217
7,]0.,,,,,.01,348,9 1135 ........ 2423
7,14 . . ,181,17.356,8,01. 11,311 , , , . . , ,01.242, 11
117, 21. 329, 22. 458, 5 12, 1 ........ *180, 21

0,οο ...,,...10413 12,5.,.,...01.291,11

7,22..,,189,15,415,17 12,15,..,,,,01,142,1
7, 23 , , ,415, 18. 01. 34511, 13. 1 . , . .*152,23, 153, 5
414,2113,2,,.,...,153,6
7, 25 , , , 416, 10134118 13, 3 ........ 15311
8, lsq.. . . . . ,01. 302, 2 13, 4 ,,,,,,,, 15314
8, 2 , . , 01. 31, 18. 345, 11 13, 12 . , .508,11.01.381,13
ι . . ,0136313386 2 14, 2 , . , , *1434262111
, , , , . ,01. 369, 16 01. 364, 12
..,,,,01.120,5 14,11, 01,,36711. 01471111
..,01.77,515,33 ...,1012081
4,16 ICor. l, 17. .315, 1001280, 7
” ...1409134547 1,20 ........ 310,4
ἷ.,*1912301395211,21,,,.....*310,5
3. 3 ........ *101 5 1, 23 , , *2451201281 16
113001,01323131,24..,..,,.245,12
3, 4 ........ 101,ss l, 25 0,1, 3, 4
9.5 3.91...490128,31,27,, ..2083
, 11, 11 , , ,0,1 38314 *1, 28. ,20813 387,1,7.
9, 8, ,,01 166, 4 0142317
9. 18,01.17,11206,24,297, 6 1, 30 . . , . , . ,01. 231, 20
324 ,01.17,11.206,24.237, 6 1, 31 . . . . ,01.373, 15

 

