578

1112534.
24,35........
2536

521, 19
. , *521,20.11.523,11.
527, 12. 20

24, 37 , . , . 521,23.522,12
24, 37 sq.. . 11. 520, 6, 526, 2
2537111. . . . . ,11.257, 17
24, 39 . . . 520, 8. 11. 522, 2
2540 .......11.520,25
*24, 45 . , , , 522, 13. 526, 9
24,48 ......,11. 62,11
24, 49 . , . 11521,1.526,14
Ioh. 1, l . 18, 22. 62, 22. 498, 21.
499,21. 516, 5, 11. 5, 6.

36, 3. 244, l. 486, 11

, ., . , , . ,113855
, ........ 499, 22
. . 63, 2. 499, 23

..11 390, 20

,48, 11. 63, 3. 324,

10. 11. 160, 18. 408, 6
*63,·5.153,1.11

42512

*1,11... 655 390, 20. 11.
- 253, 15. 433, 12
114 . ,12 20. 63 6. 27914.
1129511. 424,19

1,18, 2,6,11,12. 27,1.
4116961111 951

1, 22 . . . . 80, 7
1, 23 ........ 80, 8
1, 27 ........ *11517
1, 29 ,63, 10. *219, 2. *225 3.
11281, 7. 338, 2, 494, 8

1, 39 . .*63, 8. 80, 3. 90,14
1, 32 , ....... *43510
1;33 .....,,.*218,23
1, 34 ........ *215 27
1,36 ,......11.383, 2
1,37 ..,.,., ,11. 7517
1,42 , . , . . . ,11.275, 3
1, 47 . . . 22, 16. 11. 507, 9.
50515

.11.522,16,523,10 1111148. . . , . . .

Index

.*436,1
1,49 ,, ....... 42514
l, 51 ...*527,7.11162,3
2,3......,1175,15
2,6111.,,.,,11270,13
2,9.,...,.1114,19
2,10 ...,.,.11.270,21
2,15 .....11.445,11.20
2,19 ........ 45520
3,2....,..11.508,9
3,6.....,.11.2057
3,13 ,.*313, 18. 11. 263, 4.
438,19
8,17.,......492,4
530 85.,2028713
3,3l 1114324
3,35 ...’.27Η3,5..,1114073
3,36...,, ,..,1138712
4 7.,,11142436323
4,13 1.*88,18
418.,.Η458.211.,37221
4,21...,4114492
4,24 ,.,*971211423,13
438 9

4, 34 .80,4.*296, 4. 11386, 18
4,39 ....,.,11.293,14
4,50 ........ 21513
517.,..,,..359,20
519 ........ ’14,16
5 22 , 108, 4. 421, 20, 425, 22.
, 11198, 19. 407,15

536 ,.,....11 14,16
5,46,,......376,21
54611... ...114939
8, 9 ..,11267,16.268,14
6, 9sqq. . . . . ,112654
510 ......,11,268,6
511 .......1126823
531 .......11369,11
532 ....,...1114511
6, 33 ...11. 813, 18. 348, 5.
360, 10. 363, 18

535 ...,...11.269,12

 

